g 52552.1731007 19.6100273132 0.0175575278699
i 53975.1558414 19.4190711975 0.0258372556418
i 53687.1257927 19.2981033325 0.0328407920897
r 54365.1319414 19.8150501251 0.0293421205133
r 54028.1052221 19.7828273773 0.0287356935441
g 54413.0919604 20.2540531158 0.0267409477383
i 54348.1652752 19.6573791504 0.0322970673442
g 53634.1318799 19.7064380646 0.0332616940141
u 54377.1644653 27.6103420258 7.37605333328
g 54005.1712057 20.011089325 0.0206943824887
z 53994.1528923 19.3183231354 0.057830799371
z 54061.1043527 19.6271438599 0.129349768162
z 54068.0882824 19.7488651276 0.15841640532
i 54402.1764616 19.6109924316 0.033465411514
g 54365.1352586 20.1447753906 0.0410413220525
z 53622.1815619 19.3342895508 0.0744837373495
g 51465.1358868 20.216424942 0.0298670753837
r 53669.0902073 19.4822101593 0.0145993381739
z 53681.1298807 20.2307376862 0.139050215483
g 53636.1373529 19.8119716644 0.0224071964622
i 53705.0710471 19.3562850952 0.0232178270817
z 54020.1173648 19.3217601776 0.0753557980061
i 54418.0895557 19.6505317688 0.0239121895283
u 54387.1839746 20.4331665039 0.11313316226
r 52172.2285816 19.6185798645 0.0140459099784
r 52931.0795876 19.4196796417 0.0159672126174
u 53645.1956921 20.2117176056 0.0505062006414
